,name,timeframe
0,Dabur Red ToothPaste,
1,Colgate,
